0000000101000111
0000000101001000
0000000101001010
0000000101001011
0000000101001101
0000000101001110
0000000101010000
0000000101010001
0000000101010011
0000000101010101
0000000101010110
0000000101011000
0000000101011010
0000000101011100
0000000101011110
0000000101011111
0000000101100001
0000000101100011
0000000101100101
0000000101100111
0000000101101001
0000001011010111
0000001011011011
0000001011011111
0000001011100100
0000001011101000
0000001011101100
0000001011110001
0000001011110110
0000001011111010
0000001011111111
0000001100000100
0000001100001001
0000001100001110
0000001100010011
0000001100011000
0000001100011101
0000001100100011
0000001100101000
0000001100101110
0000001100110100
0000001100111010
0000001100111111
0000001101000110
0000001101001100
0000001101010010
0000001101011000
0000001101011111
0000001101100110
0000001101101100
0000001101110011
0000001101111010
0000001110000001
0000001110001001
0000001110010000
0000001110011000
0000001110100000
0000001110101000
0000001110110000
0000001110111000
0000001111000001
0000001111001001
0000001111010010
0000001111011011
0000001111100100
0000001111101110
0000001111111000
0000010000000010
0000010000001100
0000010000010110
0000010000100001
0000010000101011
0000010000110111
0000010001000010
0000010001001110
0000010001011010
0000010001100110
0000010001110010
0000010001110111
0000010001110100
0000010001110000
0000010001101101
0000010001101010
0000010001100111
0000010001100100
0000010001100010
0000010001011111
0000010001011100
0000010001011001
0000010001010111
0000010001010100
0000010001010010
0000010001001111
0000010001001101
0000010001001010
0000010001001000
0000010001000101
0000010001000011
0000010001000001
0000010000111111
0000010000111101
0000010000111010
0000010000111000
0000010000110110
0000010000110100
0000010000110010
0000010000110000
0000010000101111
0000010000101101
0000010000101011
0000010000101001
0000010000101000
0000010000100110
0000010000100100
0000010000100011
0000010000100001
0000010000100000
0000010000101110
0000010001000111
0000010001100001
0000010001111100
0000010010011001
0000010010111000
0000010011011000
0000010011111010
0000010100011001
0000010100010111
0000010100010110
0000010100010100
0000010100010011
0000010100010010
0000010100010001
0000010100010000
0000010100001110
0000010100001101
0000010100001100
0000010100001011
0000010100001010
0000010100001001
0000010100001000
0000010100001000
0000010100000111
0000010100000110
0000010100000101
0000010100000101
0000010100000100
0000010100000011
0000010100000011
0000010100000010
0000010100000010
0000010100000010
0000010100000001
0000010100000001
0000010100000000
0000010100000000
0000010100000000
0000010100000000
0000010100000000
0000010100000000
0000010100000000
0000010100000000
0000010100000000
0000010100000000
0000010100000000
0000010100000000
0000010100000000
0000010100000000
0000010100000000
0000010100000001
0000010100000001
0000010100000010
0000010100000010
0000010100000010
0000010100000011
0000010100000011
0000010100000100
0000010100000101
0000010100000101
0000010100000110
0000010100000111
0000010100001000
0000010100001000
0000010100001001
0000010100001010
0000010100001011
0000010100001100
0000010100001101
0000010100001110
0000010100010000
0000010100010001
0000010100010010
0000010100010011
0000010100010100
0000010100010110
0000010100010111
0000010100011001
0000010011111010
0000010011011000
0000010010111000
0000010010011001
0000010001111100
0000010001100001
0000010001000111
0000010000101110
0000010000100000
0000010000100001
0000010000100011
0000010000100100
0000010000100110
0000010000101000
0000010000101001
0000010000101011
0000010000101101
0000010000101111
0000010000110000
0000010000110010
0000010000110100
0000010000110110
0000010000111000
0000010000111010
0000010000111101
0000010000111111
0000010001000001
0000010001000011
0000010001000101
0000010001001000
0000010001001010
0000010001001101
0000010001001111
0000010001010010
0000010001010100
0000010001010111
0000010001011001
0000010001011100
0000010001011111
0000010001100010
0000010001100100
0000010001100111
0000010001101010
0000010001101101
0000010001110000
0000010001110100
0000010001110111
0000010001110010
0000010001100110
0000010001011010
0000010001001110
0000010001000010
0000010000110111
0000010000101011
0000010000100001
0000010000010110
0000010000001100
0000010000000010
0000001111111000
0000001111101110
0000001111100100
0000001111011011
0000001111010010
0000001111001001
0000001111000001
0000001110111000
0000001110110000
0000001110101000
0000001110100000
0000001110011000
0000001110010000
0000001110001001
0000001110000001
0000001101111010
0000001101110011
0000001101101100
0000001101100110
0000001101011111
0000001101011000
0000001101010010
0000001101001100
0000001101000110
0000001100111111
0000001100111010
0000001100110100
0000001100101110
0000001100101000
0000001100100011
0000001100011101
0000001100011000
0000001100010011
0000001100001110
0000001100001001
0000001100000100
0000001011111111
0000001011111010
0000001011110110
0000001011110001
0000001011101100
0000001011101000
0000001011100100
0000001011011111
0000001011011011
0000001011010111
0000000101101001
0000000101100111
0000000101100101
0000000101100011
0000000101100001
0000000101011111
0000000101011110
0000000101011100
0000000101011010
0000000101011000
0000000101010110
0000000101010101
0000000101010011
0000000101010001
0000000101010000
0000000101001110
0000000101001101
0000000101001011
0000000101001010
0000000101001000
