110010
110011
110100
110100
110101
110101
110110
110111
110111
111000
111001
111001
111010
111011
111011
111100
111101
111101
111110
111111
111111
000000
000001
000010
000010
000011
000100
000101
000101
000110
000111
001000
001001
001001
001010
001011
001100
001101
001110
001111
010000
010001
010001
010010
010011
010100
010101
010110
010111
011000
011010
011011
011100
011101
011110
011111
100000
100001
100011
100100
100101
100110
101000
101001
101010
101100
101101
101111
110000
110010
110011
110101
110110
111000
111001
111011
111101
111111
000000
000010
000100
000110
001000
001010
001100
001110
010000
010011
010101
010111
011010
011100
011111
100001
100100
100111
101010
101101
110000
110011
110110
111001
111101
000000
000100
001000
001100
010000
010100
011001
011101
100010
100111
101100
110010
110111
111101
111111
111101
111100
111010
111001
110111
110101
110100
110010
110001
110000
101110
101101
101011
101010
101000
100111
100101
100100
100010
100001
011111
011110
011100
011011
011001
011000
010111
010101
010100
010010
010001
001111
001110
001100
001011
001010
001000
000111
000101
000100
000010
000001
000000
111110
111101
111011
111010
111000
110111
110101
110100
110011
110001
110000
101110
101101
101011
101010
101000
100111
100110
100100
100011
100001
100000
011110
011101
011011
011010
011000
010111
010101
010100
010010
010001
001111
001110
001101
001011
001010
001000
000110
000101
000011
000010
000000
111111
111101
111100
111010
111001
110111
110110
110100
110011
110001
101111
101110
101100
101011
111101
111001
110110
110011
110000
101101
101010
100111
100100
100001
011111
011100
011010
010111
010101
010011
010000
001110
001100
001010
001000
000110
000100
000010
000000
111111
111101
111011
111001
111000
110110
110101
110011
110010
110000
101111
101101
101100
101010
101001
101000
100110
100101
100100
100011
100001
100000
011111
011110
011101
011100
011011
011010
011000
010111
010110
010101
010100
010011
010010
010001
010001
010000
001111
001110
001101
001100
001011
001010
001001
001001
001000
000111
000110
000101
000101
000100
000011
000010
000010
000001
000000
111111
111111
111110
111101
111100
111100
111011
111010
111001
111001
111000
110111
110110
110101
110100
110100
110011
110010
110001
110000
