001101
001100
001011
001011
001010
001010
001001
001000
001000
000111
000110
000110
000101
000100
000100
000011
000010
000010
000001
000000
000000
111110
111101
111011
111010
111000
110111
110101
110100
110010
110001
101111
101101
101100
101010
101000
100110
100101
100011
100001
011111
011101
011100
011010
011000
010110
010100
010010
010000
001110
001011
001001
000111
000101
000011
000000
111110
111100
111001
110111
110100
110010
101111
101100
101010
100111
100100
100001
011110
011011
011000
010101
010010
001111
001100
001000
000101
000001
111111
111101
111011
111001
110111
110110
110100
110010
110001
101111
101101
101011
101010
101000
100110
100101
100011
100001
100000
011110
011100
011011
011001
011000
010110
010100
010011
010001
010000
001110
001100
001011
001001
001000
000110
000101
000011
000010
000000
111100
110101
101111
100111
100000
011000
010000
000111
111111
111101
111100
111010
111000
110110
110100
110010
110000
101111
101101
101011
101001
100111
100101
100100
100010
100000
011110
011100
011011
011001
010111
010101
010011
010001
010000
001110
001100
001010
001000
000111
000101
000011
000001
000000
111110
111100
111010
111000
110111
110101
110011
110001
101111
101110
101100
101010
101000
100110
100100
100011
100001
011111
011101
011011
011010
011000
010110
010100
010010
010000
001111
001101
001011
001001
000111
000101
000011
000010
000000
111000
101111
100111
011111
011000
010000
001010
000011
111111
111101
111100
111010
111001
110111
110110
110100
110011
110001
101111
101110
101100
101011
101001
100111
100110
100100
100011
100001
011111
011110
011100
011010
011001
010111
010101
010100
010010
010000
001110
001101
001011
001001
001000
000110
000100
000010
000000
111110
111010
110111
110011
110000
101101
101010
100111
100100
100001
011110
011011
011000
010101
010011
010000
001101
001011
001000
000110
000011
000001
111111
111100
111010
111000
110110
110100
110001
101111
101101
101011
101001
100111
100101
100011
100010
100000
011110
011100
011010
011001
010111
010101
010011
010010
010000
001110
001101
001011
001010
001000
000111
000101
000100
000010
000001
111111
111111
111110
111101
111101
111100
111011
111011
111010
111001
111001
111000
110111
110111
110110
110101
110101
110100
110100
110011
